0,65536
1179648,65536
31784960,65536
31981568,131072
35192832,131072
35848192,65536
35979264,131072
106037248,65536
299499520,65536
302252032,65536
302972928,65536
303366144,65536
305004544,65536
306315264,131072
307429376,65536
486080512,131072
488243200,131072
489226240,196608
489553920,65536
494075904,65536
525860864,65536
530055168,131072
575340544,65536
731054080,131072
1095368704,65536
1125318656,65536
1223032832,131072
1318977536,65536
1319108608,196608
2358640640,65536
2407727104,196608
2429157376,65536
2519924736,131072
2525560832,65536
2526806016,65536
2533818368,65536
2597453824,65536
2605907968,65536
2609053696,65536
2610888704,65536
3189571584,131072
3209101312,655360
3258056704,65536
3279814656,65536
3323789312,327680
3324313600,196608
3327066112,131072
3327393792,131072
3328442368,65536
3328573440,65536
3328704512,65536
3329622016,65536
3330015232,65536
3341811712,65536
3342336000,65536
3346989056,262144
3347316736,131072
3351838720,65536
3353149440,65536
3361013760,65536
3387949056,65536
3388080128,65536
3390767104,65536
3393978368,65536
3877568512,720896
3919577088,131072
4045733888,65536
4191485952,131072
4192600064,131072
4221632512,196608
4222156800,131072
4366073856,65536
4795531264,131072
4799135744,65536
4802019328,65536
4812963840,65536
4861853696,65536
5256839168,65536
5257494528,65536
5257625600,196608
5258412032,196608
5258739712,196608
5259198464,1179648
5261033472,262144
5263589376,65536
5270798336,65536
5272764416,65536
5274402816,131072
5276565504,65536
7302610944,65536
7308967936,65536
7321747456,131072
7348813824,65536
7449411584,65536
7847149568,65536
7847346176,65536
7977304064,196608
7978352640,65536
7978549248,65536
7986151424,65536
7994212352,65536
7995260928,131072
7996309504,262144
7996768256,65536
7997292544,131072
8002404352,65536
8002732032,65536
8008761344,65536
8009220096,65536
8009940992,65536
8010072064,65536
8011448320,131072
8015052800,65536
8015249408,65536
8015577088,65536
8016363520,65536
8016494592,65536
8051294208,65536
8052998144,65536
8066236416,131072
16744710144,65536
16944594944,65536
17010393088,655360
17189634048,131072
18584174592,65536
19764740096,589824
